-0.043008921
0.086897715
0.10557648
0.10541747
0.10276037
0.10031355
0.098370154
0.096851171
0.095656252
0.094708984
0.093953776
0.093348906
0.092861623
0.092465176
0.092137097
0.091858264
0.091612427
0.091385962
0.091167707
0.090948793
0.090722452
0.090483784
0.090229509
0.089957715
0.089667606
0.089359273
0.089033477
0.088691468
0.088334821
0.087965307
0.087584783
0.087195115
0.086798112
0.086395489
0.085988835
0.0855796
0.085169089
0.084758459
0.084348728
0.083940778
0.083535368
0.083133145
0.082734649
0.082340334
0.081950568
0.081565649
0.081185814
0.080811241
0.080442065
0.080078378
0.079720236
0.079367669
0.079020678
0.078679245
0.078343333
0.078012891
0.077687854
0.077368149
0.077053696
0.076744404
0.076440183
0.076140934
0.075846559
0.075556958
0.075272027
0.074991665
0.07471577
0.074444241
0.074176978
0.073913884
0.07365486
0.073399813
0.073148651
0.072901284
0.072657624
0.072417588
0.072181092
0.071948057
0.071718408
0.07149207
0.071268972
0.071049046
0.070832225
0.070618446
0.070407648
0.070199772
0.069994761
0.069792561
0.069593118
0.069396381
0.069202301
0.06901083
0.06882192
0.068635526
0.068451602
0.068270105
0.068090992
0.067914219
0.067739745
0.067567527
0.067397524
0.067229694
0.067063996
0.066900387
0.066738828
0.066579275
0.066421687
0.066266023
0.06611224
0.065960296
0.065810148
0.065661753
0.065515069
0.065370053
0.06522666
0.065084849
0.064944574
0.064805793
0.064668463
0.064532538
0.064397976
0.064264733
0.064132766
0.064002031
0.063872485
0.063744086
0.06361679
0.063490555
0.063365339
0.063241101
0.0631178
0.062995394
0.062873843
0.062753108
0.062633149
0.062513928
0.062395407
0.062277548
0.062160314
0.062043669
0.061927578
0.061812005
0.061696918
0.061582281
0.061468064
0.061354233
0.061240758
0.061127609
0.061014755
0.060902168
0.060789819
0.060677682
0.06056573
0.060453937
0.060342278
0.060230729
0.060119267
0.060007868
0.059896512
0.059785176
0.05967384
0.059562486
0.059451093
0.059339645
0.059228125
0.059116515
0.0590048
0.058892967
0.058781001
0.05866889
0.058556623
0.058444189
0.058331579
0.058218784
0.058105799
0.057992618
0.057879236
0.057765652
0.057651863
0.057537872
0.057423679
0.057309288
0.057194703
0.057079932
0.05696498
0.056849856
0.056734569
0.056619128
0.056503542
0.056387821
0.056271972
0.056156003
0.05603992
0.055923729
0.055807431
0.05569103
0.055574523
0.055457907
0.055341179
0.055224331
0.055107356
0.054990245
0.054872988
0.054755575
0.054637997
0.054520243
0.054402304
0.054284174
0.054165846
0.054047314
0.053928575
0.053809627
0.053690469
0.053571103
0.053451532
0.053331759
0.05321179
0.053091632
0.052971294
0.052850785
0.052730116
0.052609301
0.052488353
0.052367286
0.052246119
0.052124867
0.05200355
0.051882187
0.051760799
0.051639406
0.051518029
0.05139669
0.05127541
0.051154209
0.051033107
0.050912126
0.050791283
0.050670597
0.050550085
0.050429762
0.050309644
0.050189745
0.050070076
0.04995065
0.049831477
0.049712568
0.049593931
0.049475575
0.049357508
0.049239736
0.049122268
0.049005109
0.048888266
0.048771747
0.048655557
0.048539703
0.048424192
0.048309029
0.048194223
0.048079779
0.047965706
0.047852009
0.047738697
0.047625777
0.047513256
0.047401141
0.047289441
0.047178163
0.047067313
0.046956901
0.046846932
0.046737416
0.046628358
0.046519766
0.046411647
0.046304008
0.046196856
0.046090197
0.045984038
0.045878386
0.045773246
0.045668624
0.045564526
0.045460958
0.045357925
0.045255432
0.045153485
0.045052088
0.044951247
0.044850965
0.044751247
0.044652098
0.044553522
0.044455521
0.044358101
0.044261265
0.044165015
0.044069356
0.043974291
0.043879822
0.043785952
0.043692685
0.043600021
0.043507965
0.043416518
0.043325682
0.043235459
0.043145851
0.04305686
0.042968487
0.042880733
0.0427936
0.042707089
0.042621201
0.042535937
0.042451297
0.042367283
0.042283894
0.042201131
0.042118994
0.042037484
0.0419566
0.041876342
0.041796709
0.041717703
0.041639321
0.041561564
0.04148443
0.041407919
0.04133203
0.041256762
0.041182114
0.041108084
0.041034671
0.040961873
0.04088969
0.040818119
0.040747159
0.040676807
0.040607063
0.040537925
0.04046939
0.040401456
0.040334122
0.040267385
0.040201244
0.040135697
0.040070742
0.040006378
0.039942601
0.039879412
0.039816808
0.039754788
0.039693351
0.039632496
0.039572222
0.039512528
0.039453415
0.039394881
0.039336928
0.039279555
0.039222762
0.039166551
0.039110923
0.039055878
0.039001417
0.038947542
0.038894254
0.038841555
0.038789445
0.038737926
0.038686998
0.038636661
0.038586916
0.038537762
0.038489199
0.038441223
0.038393835
0.038347029
0.038300802
0.03825515
0.038210067
0.038165548
0.038121584
0.038078169
0.038035293
0.037992949
0.037951127
0.037909817
0.037869009
0.037828693
0.03778886
0.037749498
0.037710599
0.037672152
0.037634147
0.037596577
0.037559432
0.037522703
0.037486382
0.037450461
0.037414934
0.037379791
0.037345026
0.037310632
0.037276602
0.037242928
0.037209604
0.037176622
0.037143976
0.037111659
0.037079665
0.037047987
0.037016619
0.036985556
0.036954792
0.036924323
0.036894143
0.03686425
0.03683464
0.03680531
0.036776257
0.036747482
0.036718981
0.036690755
0.036662804
0.036635127
0.036607725
0.036580598
0.036553749
0.036527177
0.036500884
0.036474871
0.036449138
0.036423687
0.036398519
0.036373634
0.036349031
0.036324712
0.036300675
0.03627692
0.036253445
0.03623025
0.036207332
0.036184688
0.036162318
0.036140216
0.03611838
0.036096806
0.036075489
0.036054427
0.036033613
0.036013042
0.035992711
0.035972613
0.035952743
0.035933096
0.035913666
0.035894448
0.035875435
0.035856623
0.035838006
0.035819579
0.035801337
0.035783274
0.035765386
0.035747667
0.035730114
0.035712722
0.035695486
0.035678403
0.035661469
0.035644679
0.03562803
0.035611519
0.035595142
0.035578896
0.035562779
0.035546786
0.035530915
0.035515164
0.035499529
0.035484007
0.035468597
0.035453295
0.0354381
0.035423008
0.035408017
0.035393125
0.035378329
0.035363628
0.035349018
0.035334497
0.035320064
0.035305716
0.03529145
0.035277266
0.03526316
0.03524913
0.035235175
0.035221292
0.03520748
0.035193736
0.035180058
0.035166446
0.035152896
0.035139407
0.035125977
0.035112605
0.035099289
0.035086026
0.035072817
0.035059658
0.035046549
0.035033488
0.035020473
0.035007504
0.034994578
0.034981695
0.034968853
0.034956051
0.034943288
0.034930563
0.034917874
0.034905221
0.034892603
0.034880017
0.034867465
0.034854944
0.034842455
0.034829995
0.034817564
0.034805163
0.034792789
0.034780442
0.034768122
0.034755828
0.034743559
0.034731315
0.034719096
0.034706901
0.03469473
0.034682581
0.034670456
0.034658353
0.034646273
0.034634215
0.034622178
0.034610163
0.03459817
0.034586198
0.034574247
0.034562318
0.034550409
0.034538521
0.034526655
0.03451481
0.034502986
0.034491182
0.034479401
0.03446764
0.034455901
0.034444184
0.034432489
0.034420815
0.034409164
0.034397536
0.03438593
0.034374347
0.034362787
0.034351251
0.034339738
0.03432825
0.034316786
0.034305347
0.034293934
0.034282545
0.034271183
0.034259848
0.034248539
0.034237257
0.034226003
0.034214777
0.034203579
0.034192411
0.034181272
0.034170163
0.034159084
0.034148037
0.03413702
0.034126036
0.034115084
0.034104165
0.034093279
0.034082427
0.03407161
0.034060828
0.034050081
0.03403937
0.034028696
0.034018059
0.03400746
0.033996898
0.033986376
0.033975892
0.033965449
0.033955045
0.033944683
0.033934361
0.033924082
0.033913845
0.03390365
0.0338935
0.033883393
0.03387333
0.033863312
0.03385334
0.033843413
0.033833533
0.0338237
0.033813914
0.033804176
0.033794486
0.033784844
0.033775252
0.033765709
0.033756216
0.033746773
0.033737382
0.033728041
0.033718752
0.033709515
0.03370033
0.033691197
0.033682118
0.033673092
0.03366412
0.033655201
0.033646337
0.033637527
0.033628773
0.033620073
0.033611428
0.033602839
0.033594306
0.033585829
0.033577408
0.033569044
0.033560736
0.033552484
0.03354429
0.033536152
0.033528071
0.033520048
0.033512081
0.033504172
0.03349632
0.033488526
0.033480789
0.033473109
0.033465486
0.033457921
0.033450412
0.033442961
0.033435567
0.033428229
0.033420949
0.033413724
0.033406557
0.033399445
0.033392389
0.033385389
0.033378445
0.033371555
0.033364721
0.033357941
0.033351215
0.033344544
0.033337925
0.03333136
0.033324848
0.033318388
0.03331198
0.033305624
0.033299318
0.033293063
0.033286858
0.033280702
0.033274596
0.033268538
0.033262528
0.033256565
0.033250649
0.033244779
0.033238956
0.033233177
0.033227443
0.033221753
0.033216107
0.033210504
0.033204943
0.033199424
0.033193947
0.033188511
0.033183115
0.03317776
0.033172444
0.033167168
0.033161931
0.033156733
0.033151573
0.033146452
0.033141368
0.033136323
0.033131316
0.033126346
0.033121415
0.033116521
0.033111665
0.033106848
0.033102069
0.033097329
0.033092627
0.033087965
0.033083343
0.03307876
0.033074218
0.033069716
0.033065256
0.033060837
0.03305646
0.033052125
0.033047833
0.033043584
0.033039378
0.033035215
0.033031095
0.033027019
0.033022986
0.033018996
0.033015048
0.033011143
0.033007279
0.033003455
0.032999672
0.032995926
0.032992218
0.032988545
0.032984907
0.032981301
0.032977725
0.032974177
0.032970655
0.032967157
0.03296368
0.032960221
0.032956778
0.032953347
0.032949928
0.032946515
0.032943107
0.032939701
0.032936294
0.032932883
0.032929465
0.032926039
0.032922601
0.032919149
0.03291568
0.032912194
0.032908686
0.032905156
0.032901601
0.032898019
0.03289441
0.03289077
0.0328871
0.032883395
0.032879657
0.032875882
0.032872069
0.032868218
0.032864325
0.03286039
0.032856411
0.032852387
0.032848315
0.032844195
0.032840025
0.032835802
0.032831526
0.032827194
0.032822806
0.03281836
0.032813854
0.032809287
0.032804659
0.032799969
0.032795214
0.032790396
0.032785514
0.032780567
0.032775556
0.032770482
0.032765344
0.032760143
0.032754881
0.032749559
0.032744179
0.032738741
0.032733249
0.032727703
0.032722106
0.032716461
0.032710769
0.032705033
0.032699256
0.03269344
0.032687587
0.032681701
0.032675783
0.032669837
0.032663864
0.032657866
0.032651847
0.032645807
0.03263975
0.032633677
0.03262759
0.03262149
0.032615379
0.032609259
0.032603132
0.032596997
0.032590856
0.032584711
0.032578563
0.032572411
0.032566258
0.032560102
0.032553946
0.03254779
0.032541633
0.032535477
0.032529321
0.032523166
0.032517012
0.032510859
0.032504707
0.032498556
0.032492406
0.032486258
0.03248011
0.032473964
0.032467818
0.032461673
0.032455529
0.032449385
0.032443242
0.0324371
0.032430958
0.032424816
0.032418675
0.032412534
0.032406394
0.032400255
0.032394116
0.032387978
0.032381841
0.032375706
0.032369573
0.032363442
0.032357314
0.032351189
0.032345068
0.032338951
0.03233284
0.032326735
0.032320636
0.032314545
0.032308462
0.032302389
0.032296326
0.032290274
0.032284235
0.032278209
0.032272197
0.032266202
0.032260222
0.032254261
0.032248318
0.032242396
0.032236495
0.032230615
0.032224759
0.032218928
0.032213122
0.032207342
0.03220159
0.032195866
0.032190171
0.032184506
0.032178873
0.032173272
0.032167703
0.032162168
0.032156667
0.032151201
0.032145771
0.032140378
0.032135021
0.032129702
0.032124422
0.03211918
0.032113978
0.032108815
0.032103694
0.032098613
0.032093574
0.032088577
0.032083623
0.032078712
0.032073844
0.032069021
0.032064243
0.032059509
0.032054822
0.03205018
0.032045586
0.032041038
0.032036539
0.032032087
0.032027684
0.032023331
0.032019027
0.032014774
0.032010572
0.03200642
0.032002321
0.031998273
0.031994279
0.031990337
0.031986449
0.031982615
0.031978835
0.03197511
0.031971439
0.031967824
0.031964265
0.031960762
0.031957315
0.031953924
0.03195059
0.031947313
0.031944092
0.031940929
0.031937823
0.031934774
0.031931783
0.031928849
0.031925972
0.031923152
0.031920389
0.031917684
0.031915035
0.031912443
0.031909908
0.031907429
0.031905007
0.03190264
0.031900329
0.031898073
0.031895872
0.031893726
0.031891633
0.031889595
0.03188761
0.031885678
0.031883798
0.03188197
0.031880193
0.031878467
0.031876791
0.031875165
0.031873587
0.031872058
0.031870576
0.031869141
0.031867753
0.031866409
0.03186511
0.031863855
0.031862642
0.031861472
0.031860343
0.031859254
0.031858204
0.031857193
0.03185622
0.031855283
0.031854382
0.031853515
0.031852682
0.031851881
0.031851112
0.031850374
0.031849665
0.031848984
0.031848331
0.031847704
0.031847101
0.031846523
0.031845968
0.031845435
0.031844922
0.031844429
0.031843954
0.031843496
0.031843055
0.031842628
0.031842215
0.031841816
0.031841427
0.031841049
0.031840681
0.031840321
0.031839967
0.03183962
0.031839278
0.031838939
0.031838603
0.031838269
0.031837935
0.031837601
0.031837265
0.031836926
0.031836584
0.031836236
0.031835883
0.031835523
0.031835156
0.031834779
0.031834392
0.031833995
0.031833586
0.031833164
0.031832729
0.031832279
0.031831813
0.031831332
0.031830832
0.031830315
0.031829779
0.031829223
0.031828646
0.031828048
0.031827427
0.031826784
0.031826116
0.031825424
0.031824707
0.031823964
0.031823194
0.031822397
0.031821572
0.031820718
0.031819835
0.031818922
0.031817978
0.031817004
0.031815998
0.03181496
0.031813889
0.031812785
0.031811647
0.031810476
0.03180927
0.031808029
0.031806753
0.031805441
0.031804093
0.031802709
0.031801288
0.031799831
0.031798336
0.031796803
0.031795233
0.031793626
0.03179198
0.031790295
0.031788573
0.031786812
0.031785012
0.031783174
0.031781297
0.031779381
0.031777427
0.031775433
0.031773401
0.03177133
0.031769221
0.031767073
0.031764887
0.031762662
0.031760399
0.031758098
0.031755759
0.031753383
0.031750969
0.031748519
0.031746031
0.031743507
0.031740947
0.031738351
0.031735719
0.031733052
0.031730351
0.031727615
0.031724845
0.031722042
0.031719205
0.031716337
0.031713436
0.031710503
0.03170754
0.031704546
0.031701523
0.03169847
0.031695388
0.031692279
0.031689142
0.031685978
0.031682788
0.031679572
0.031676332
0.031673068
0.03166978
0.031666469
0.031663137
0.031659783
0.031656409
0.031653015
0.031649603
0.031646172
0.031642723
0.031639258
0.031635777
0.031632281
0.031628771
0.031625248
0.031621712
0.031618164
0.031614605
0.031611036
0.031607458
0.031603871
0.031600277
0.031596676
0.03159307
0.031589458
0.031585842
0.031582223
0.031578601
0.031574978
0.031571354
0.03156773
0.031564108
0.031560487
0.031556869
0.031553255
0.031549646
0.031546042
0.031542444
0.031538854
0.031535273
0.0315317
0.031528137
0.031524586
0.031521047
0.03151752
0.031514008
0.03151051
0.031507029
0.031503564
0.031500117
0.031496689
0.031493281
0.031489893
0.031486528
0.031483186
0.031479868
0.031476575
0.031473308
0.031470068
0.031466857
0.031463676
0.031460524
0.031457405
0.031454318
0.031451266
0.031448248
0.031445266
0.031442322
0.031439416
0.03143655
0.031433724
0.031430941
0.031428199
0.031425502
0.03142285
0.031420244
0.031417685
0.031415174
0.031412712
0.0314103
0.03140794
0.031405631
0.031403375
0.031401173
0.031399026
0.031396934
0.031394899
0.03139292
0.031390999
0.031389137
0.031387333
0.031385589
0.031383905
0.031382282
0.03138072
0.031379219
0.031377781
0.031376405
0.031375091
0.03137384
0.031372653
0.031371528
0.031370467
0.031369469
0.031368535
0.031367665
0.031366858
0.031366114
0.031365434
0.031364817
0.031364263
0.031363772
0.031363343
0.031362977
0.031362672
0.031362429
0.031362247
0.031362126
0.031362064
0.031362063
0.03136212
0.031362236
0.03136241
0.03136264
0.031362928
0.031363271
0.03136367
0.031364122
0.031364628
0.031365187
0.031365798
0.031366459
0.03136717
0.03136793
0.031368739
0.031369594
0.031370495
0.031371441
0.031372431
0.031373464
0.031374539
0.031375653
0.031376808
0.031378
0.031379229
0.031380494
0.031381794
0.031383126
0.031384491
0.031385886
0.031387311
0.031388764
0.031390243
0.031391748
0.031393277
0.031394829
0.031396402
0.031397996
0.031399608
0.031401237
0.031402882
0.031404542
0.031406215
0.031407899
0.031409594
0.031411299
0.03141301
0.031414728
0.031416451
0.031418178
0.031419906
0.031421636
0.031423364
0.031425091
0.031426815
0.031428534
0.031430247
0.031431953
0.031433651
0.031435339
0.031437015
0.031438679
0.03144033
0.031441966
0.031443585
0.031445188
0.031446772
0.031448336
0.03144988
0.031451401
0.0314529
0.031454374
0.031455823
0.031457246
0.031458641
0.031460008
0.031461345
0.031462652
0.031463927
0.031465171
0.031466381
0.031467556
0.031468697
0.031469802
0.03147087
0.0314719
0.031472892
0.031473845
0.031474758
0.03147563
0.031476461
0.03147725
0.031477996
0.031478699
0.031479358
0.031479973
0.031480542
0.031481066
0.031481544
0.031481975
0.031482359
0.031482695
0.031482984
0.031483224
0.031483416
0.031483558
0.031483651
0.031483695
0.031483688
0.031483632
0.031483524
0.031483367
0.031483158
0.031482899
0.031482588
0.031482226
0.031481813
0.031481349
0.031480833
0.031480266
0.031479647
0.031478978
0.031478257
0.031477484
0.031476661
0.031475787
0.031474863
0.031473888
0.031472862
0.031471786
0.031470661
0.031469486
0.031468262
0.031466989
0.031465668
0.031464299
0.031462881
0.031461417
0.031459906
0.031458348
0.031456745
0.031455096
0.031453402
0.031451665
0.031449883
0.031448059
0.031446192
0.031444283
0.031442334
0.031440344
0.031438314
0.031436245
0.031434138
0.031431994
0.031429812
0.031427595
0.031425343
0.031423057
0.031420737
0.031418384
0.031416
0.031413585
0.031411139
0.031408665
0.031406163
0.031403633
0.031401077
0.031398495
0.03139589
0.03139326
0.031390608
0.031387935
0.031385241
0.031382527
0.031379795
0.031377045
0.031374279
0.031371497
0.0313687
0.03136589
0.031363068
0.031360234
0.031357389
0.031354535
0.031351673
0.031348803
0.031345927
0.031343046
0.03134016
0.031337272
0.031334381
0.03133149
0.031328598
0.031325708
0.031322821
0.031319937
0.031317057
0.031314184
0.031311317
0.031308458
0.031305609
0.03130277
0.031299943
0.031297128
0.031294328
0.031291543
0.031288775
0.031286025
0.031283294
0.031280584
0.031277895
0.03127523
0.03127259
0.031269976
0.031267389
0.031264831
0.031262304
0.031259808
0.031257346
0.031254919
0.031252528
0.031250175
0.031247861
0.031245589
0.031243359
0.031241172
0.031239032
0.031236938
0.031234893
0.031232898
0.031230954
0.031229064
0.031227227
0.031225446
0.031223722
0.031222056
0.031220449
0.031218902
0.031217418
0.031215995
0.031214637
0.031213342
0.031212113
0.03121095
0.031209853
0.031208824
0.031207862
0.031206968
0.031206142
0.031205385
0.031204697
0.031204078
0.031203528
0.031203046
0.031202634
0.03120229
0.031202014
0.031201806
0.031201666
0.031201593
0.031201587
0.031201648
0.031201774
0.031201966
0.031202222
0.031202542
0.031202926
0.031203372
0.03120388
0.03120445
0.03120508
0.03120577
0.031206519
0.031207326
0.031208191
0.031209112
0.031210089
0.031211121
0.031212208
0.031213347
0.03121454
0.031215784
0.031217079
0.031218424
0.031219818
0.03122126
0.03122275
0.031224287
0.031225869
0.031227496
0.031229168
0.031230882
0.031232639
0.031234437
0.031236276
0.031238155
0.031240073
0.031242028
0.031244021
0.03124605
0.031248115
0.031250215
0.031252348
0.031254514
0.031256712
0.031258942
0.031261202
0.031263491
0.031265808
0.031268154
0.031270526
0.031272924
0.031275346
0.031277792
0.031280261
0.031282752
0.031285263
0.031287794
0.031290343
0.03129291
0.031295492
0.031298089
0.0313007
0.031303323
0.031305957
0.0313086
0.031311251
0.031313908
0.03131657
0.031319236
0.031321903
0.03132457
0.031327235
0.031329897
0.031332554
0.031335204
0.031337845
0.031340475
0.031343092
0.031345695
0.031348282
0.03135085
0.031353397
0.031355923
0.031358424
